months_as_customer
328
228
134
256
228
256
137
165
27
212
235
447
60
121
180
473
70
140
160
196
460
217
370
413
237
8
257
202
224
241
64
166
155
114
149
147
62
289
431
199
79
116
37
106
269
265
163
355
175
192
430
91
217
223
195
22
439
94
11
151
154
245
119
215
295
254
107
478
128
338
271
222
199
215
192
120
270
319
194
227
137
244
78
200
284
275
153
134
31
41
127
61
207
219
271
80
325
29
295
239
269
80
279
165
350
295
464
118
298
87
261
453
210
168
390
258
107
225
164
245
255
206
203
22
211
206
166
165
274
81
280
194
112
24
93
171
200
120
325
124
211
287
122
22
106
398
214
209
82
193
134
288
104
431
101
375
461
428
45
136
216
278
295
112
122
108
14
298
276
47
222
119
73
8
294
324
155
261
245
235
53
426
111
86
296
125
177
238
81
128
449
252
359
19
73
285
196
223
328
285
30
342
219
468
241
223
128
124
343
404
63
210
335
11
142
272
69
38
328
281
246
298
330
362
241
245
371
343
377
154
166
298
235
172
27
428
99
107
272
151
249
177
190
174
95
371
2
269
101
94
117
111
242
440
20
461
208
279
244
134
122
156
232
244
84
394
246
35
156
195
369
271
332
107
217
243
296
264
108
32
259
186
201
436
189
105
163
219
88
40
284
59
39
147
156
123
231
247
194
119
259
107
48
267
286
175
111
151
156
165
253
10
158
436
91
256
274
275
1
85
233
142
266
350
97
399
305
276
257
78
129
283
85
101
96
121
176
159
120
212
290
299
66
334
216
86
429
257
15
230
250
270
65
475
77
256
229
110
177
292
451
61
150
283
291
162
154
289
10
309
396
273
129
140
419
315
72
32
230
157
265
47
113
289
254
115
236
7
208
126
48
297
160
406
157
146
409
252
6
103
369
261
159
344
437
65
280
269
275
265
283
84
247
56
210
108
328
186
277
138
208
147
8
297
150
4
210
91
167
467
264
270
310
143
146
102
61
255
211
61
108
303
152
120
144
414
163
352
27
239
33
88
101
20
126
264
78
123
347
163
271
410
448
218
43
33
126
411
225
35
460
195
360
300
245
146
67
380
389
317
264
20
116
222
439
66
128
69
294
19
191
4
298
231
338
261
321
0
405
304
1
26
202
289
61
334
12
86
83
126
209
283
194
184
479
284
65
222
196
253
280
5
220
85
266
41
316
285
379
15
354
342
169
339
259
65
254
440
478
230
138
239
93
37
254
131
230
313
210
101
153
337
360
428
204
364
185
63
210
194
294
272
27
251
180
392
143
371
292
165
158
241
103
402
102
182
282
222
415
51
255
143
130
242
96
180
150
463
472
75
193
43
253
152
160
56
286
3
286
239
64
98
16
70
75
246
110
236
267
463
303
137
56
75
131
153
255
103
97
214
438
87
27
206
127
422
303
228
239
330
128
147
287
142
162
140
106
292
34
290
182
362
143
183
254
249
169
235
112
16
128
103
356
109
2
198
107
252
303
101
446
330
211
172
316
435
344
204
278
434
209
250
61
80
25
4
32
125
276
148
222
32
78
238
313
334
190
194
290
26
254
199
137
134
73
289
176
145
164
186
85
162
396
270
168
274
263
152
46
276
234
64
456
58
475
96
99
38
259
241
437
130
269
103
284
189
267
39
140
243
116
219
96
149
246
293
339
160
224
194
385
100
371
175
373
258
255
37
322
204
76
193
405
435
54
144
92
173
436
155
78
440
264
66
366
188
224
253
446
169
255
209
210
174
70
89
458
239
161
446
476
70
233
122
335
257
85
133
119
169
225
84
169
124
320
297
421
136
46
34
95
140
200
123
267
290
45
186
135
110
259
114
404
282
57
215
140
250
286
356
65
187
386
197
166
293
179
76
105
97
148
77
295
126
132
370
257
9
185
234
253
233
274
297
273
147
285
289
427
380
13
282
312
266
30
198
290
260
233
130
230
212
299
91
398
218
152
212
242
80
260
133
290
322
228
195
247
405
144
338
121
398
9
115
280
254
141
441
381
191
145
479
215
41
45
156
246
178
237
127
1
5
64
142
97
121
225
425
285
192
285
98
175
259
140
231
186
229
180
188
214
178
55
90
135
277
211
156
84
136
310
123
243
36
146
154
204
458
147
279
308
284
108
421
266
412
31
465
126
407
101
187
252
229
246
190
95
205
41
137
194
128
150
104
163
80
65
179
372
398
213
79
232
230
234
240
143
266
89
229
245
50
230
17
163
29
232
235
295
22
286
257
94
124
141
3
285
130
458
456
